============================================================
Program for calculation of partial differential equations.  
============================================================
(c) Dr. Thomas Ludwig, TU München.
    Thomas A. Zochler, TU München.
    Andreas C. Schmidt, TU München.
============================================================

Berechnungszeit:    872.102419 s 
Speicherbedarf:     257.126236 MiB
Berechnungsmethode: Jacobi
Interlines:         512
Stoerfunktion:      f(x,y) = 2pi^2*sin(pi*x)sin(pi*y)
Terminierung:       Anzahl der Iterationen
Anzahl Iterationen: 16384
Norm des Fehlers:   2.915885e-07

Matrix:
 0.0000 0.0000 0.0000 0.0000 0.0000 0.0000 0.0000 0.0000 0.0000
 0.0000 0.0007 0.0013 0.0017 0.0018 0.0017 0.0013 0.0007 0.0000
 0.0000 0.0013 0.0024 0.0031 0.0034 0.0031 0.0024 0.0013 0.0000
 0.0000 0.0017 0.0031 0.0041 0.0044 0.0041 0.0031 0.0017 0.0000
 0.0000 0.0018 0.0034 0.0044 0.0048 0.0044 0.0034 0.0018 0.0000
 0.0000 0.0017 0.0031 0.0041 0.0044 0.0041 0.0031 0.0017 0.0000
 0.0000 0.0013 0.0024 0.0031 0.0034 0.0031 0.0024 0.0013 0.0000
 0.0000 0.0007 0.0013 0.0017 0.0018 0.0017 0.0013 0.0007 0.0000
 0.0000 0.0000 0.0000 0.0000 0.0000 0.0000 0.0000 0.0000 0.0000
--------------------------------------------
============================================================
Program for calculation of partial differential equations.  
============================================================
(c) Dr. Thomas Ludwig, TU München.
    Thomas A. Zochler, TU München.
    Andreas C. Schmidt, TU München.
============================================================

Berechnungszeit:    218.290103 s 
Speicherbedarf:     64.563736 MiB
Berechnungsmethode: Jacobi
Interlines:         256
Stoerfunktion:      f(x,y) = 2pi^2*sin(pi*x)sin(pi*y)
Terminierung:       Anzahl der Iterationen
Anzahl Iterationen: 16384
Norm des Fehlers:   1.145295e-06

Matrix:
 0.0000 0.0000 0.0000 0.0000 0.0000 0.0000 0.0000 0.0000 0.0000
 0.0000 0.0028 0.0051 0.0067 0.0072 0.0067 0.0051 0.0028 0.0000
 0.0000 0.0051 0.0095 0.0124 0.0134 0.0124 0.0095 0.0051 0.0000
 0.0000 0.0067 0.0124 0.0162 0.0175 0.0162 0.0124 0.0067 0.0000
 0.0000 0.0072 0.0134 0.0175 0.0189 0.0175 0.0134 0.0072 0.0000
 0.0000 0.0067 0.0124 0.0162 0.0175 0.0162 0.0124 0.0067 0.0000
 0.0000 0.0051 0.0095 0.0124 0.0134 0.0124 0.0095 0.0051 0.0000
 0.0000 0.0028 0.0051 0.0067 0.0072 0.0067 0.0051 0.0028 0.0000
 0.0000 0.0000 0.0000 0.0000 0.0000 0.0000 0.0000 0.0000 0.0000
