============================================================
Program for calculation of partial differential equations.  
============================================================
(c) Dr. Thomas Ludwig, TU München.
    Thomas A. Zochler, TU München.
    Andreas C. Schmidt, TU München.
============================================================

Berechnungszeit:    53.391412 s 
Speicherbedarf:     16.282486 MiB
Berechnungsmethode: Jacobi
Interlines:         128
Stoerfunktion:      f(x,y) = 2pi^2*sin(pi*x)sin(pi*y)
Terminierung:       Anzahl der Iterationen
Anzahl Iterationen: 16384
Norm des Fehlers:   4.294797e-06

Matrix:
 0.0000 0.0000 0.0000 0.0000 0.0000 0.0000 0.0000 0.0000 0.0000
 0.0000 0.0107 0.0198 0.0258 0.0280 0.0258 0.0198 0.0107 0.0000
 0.0000 0.0198 0.0366 0.0478 0.0517 0.0478 0.0366 0.0198 0.0000
 0.0000 0.0258 0.0478 0.0624 0.0675 0.0624 0.0478 0.0258 0.0000
 0.0000 0.0280 0.0517 0.0675 0.0731 0.0675 0.0517 0.0280 0.0000
 0.0000 0.0258 0.0478 0.0624 0.0675 0.0624 0.0478 0.0258 0.0000
 0.0000 0.0198 0.0366 0.0478 0.0517 0.0478 0.0366 0.0198 0.0000
 0.0000 0.0107 0.0198 0.0258 0.0280 0.0258 0.0198 0.0107 0.0000
 0.0000 0.0000 0.0000 0.0000 0.0000 0.0000 0.0000 0.0000 0.0000
--------------------------------------------
============================================================
Program for calculation of partial differential equations.  
============================================================
(c) Dr. Thomas Ludwig, TU München.
    Thomas A. Zochler, TU München.
    Andreas C. Schmidt, TU München.
============================================================

Berechnungszeit:    13.925287 s 
Speicherbedarf:     4.141861 MiB
Berechnungsmethode: Jacobi
Interlines:         64
Stoerfunktion:      f(x,y) = 2pi^2*sin(pi*x)sin(pi*y)
Terminierung:       Anzahl der Iterationen
Anzahl Iterationen: 16384
Norm des Fehlers:   1.353358e-05

Matrix:
 0.0000 0.0000 0.0000 0.0000 0.0000 0.0000 0.0000 0.0000 0.0000
 0.0000 0.0378 0.0699 0.0914 0.0989 0.0914 0.0699 0.0378 0.0000
 0.0000 0.0699 0.1292 0.1688 0.1828 0.1688 0.1292 0.0699 0.0000
 0.0000 0.0914 0.1688 0.2206 0.2388 0.2206 0.1688 0.0914 0.0000
 0.0000 0.0989 0.1828 0.2388 0.2584 0.2388 0.1828 0.0989 0.0000
 0.0000 0.0914 0.1688 0.2206 0.2388 0.2206 0.1688 0.0914 0.0000
 0.0000 0.0699 0.1292 0.1688 0.1828 0.1688 0.1292 0.0699 0.0000
 0.0000 0.0378 0.0699 0.0914 0.0989 0.0914 0.0699 0.0378 0.0000
 0.0000 0.0000 0.0000 0.0000 0.0000 0.0000 0.0000 0.0000 0.0000
--------------------------------------------
============================================================
Program for calculation of partial differential equations.  
============================================================
(c) Dr. Thomas Ludwig, TU München.
    Thomas A. Zochler, TU München.
    Andreas C. Schmidt, TU München.
============================================================

Berechnungszeit:    3.776237 s 
Speicherbedarf:     1.071548 MiB
Berechnungsmethode: Jacobi
Interlines:         32
Stoerfunktion:      f(x,y) = 2pi^2*sin(pi*x)sin(pi*y)
Terminierung:       Anzahl der Iterationen
Anzahl Iterationen: 16384
Norm des Fehlers:   2.219584e-05

Matrix:
 0.0000 0.0000 0.0000 0.0000 0.0000 0.0000 0.0000 0.0000 0.0000
 0.0000 0.1005 0.1858 0.2427 0.2627 0.2427 0.1858 0.1005 0.0000
 0.0000 0.1858 0.3433 0.4485 0.4855 0.4485 0.3433 0.1858 0.0000
 0.0000 0.2427 0.4485 0.5860 0.6343 0.5860 0.4485 0.2427 0.0000
 0.0000 0.2627 0.4855 0.6343 0.6866 0.6343 0.4855 0.2627 0.0000
 0.0000 0.2427 0.4485 0.5860 0.6343 0.5860 0.4485 0.2427 0.0000
 0.0000 0.1858 0.3433 0.4485 0.4855 0.4485 0.3433 0.1858 0.0000
 0.0000 0.1005 0.1858 0.2427 0.2627 0.2427 0.1858 0.1005 0.0000
 0.0000 0.0000 0.0000 0.0000 0.0000 0.0000 0.0000 0.0000 0.0000
--------------------------------------------
============================================================
Program for calculation of partial differential equations.  
============================================================
(c) Dr. Thomas Ludwig, TU München.
    Thomas A. Zochler, TU München.
    Andreas C. Schmidt, TU München.
============================================================

Berechnungszeit:    1.137387 s 
Speicherbedarf:     0.286392 MiB
Berechnungsmethode: Jacobi
Interlines:         16
Stoerfunktion:      f(x,y) = 2pi^2*sin(pi*x)sin(pi*y)
Terminierung:       Anzahl der Iterationen
Anzahl Iterationen: 16384
Norm des Fehlers:   3.370559e-06

Matrix:
 0.0000 0.0000 0.0000 0.0000 0.0000 0.0000 0.0000 0.0000 0.0000
 0.0000 0.1446 0.2672 0.3491 0.3779 0.3491 0.2672 0.1446 0.0000
 0.0000 0.2672 0.4937 0.6451 0.6982 0.6451 0.4937 0.2672 0.0000
 0.0000 0.3491 0.6451 0.8428 0.9123 0.8428 0.6451 0.3491 0.0000
 0.0000 0.3779 0.6982 0.9123 0.9874 0.9123 0.6982 0.3779 0.0000
 0.0000 0.3491 0.6451 0.8428 0.9123 0.8428 0.6451 0.3491 0.0000
 0.0000 0.2672 0.4937 0.6451 0.6982 0.6451 0.4937 0.2672 0.0000
 0.0000 0.1446 0.2672 0.3491 0.3779 0.3491 0.2672 0.1446 0.0000
 0.0000 0.0000 0.0000 0.0000 0.0000 0.0000 0.0000 0.0000 0.0000
--------------------------------------------
============================================================
Program for calculation of partial differential equations.  
============================================================
(c) Dr. Thomas Ludwig, TU München.
    Thomas A. Zochler, TU München.
    Andreas C. Schmidt, TU München.
============================================================

Berechnungszeit:    0.429926 s 
Speicherbedarf:     0.081314 MiB
Berechnungsmethode: Jacobi
Interlines:         8
Stoerfunktion:      f(x,y) = 2pi^2*sin(pi*x)sin(pi*y)
Terminierung:       Anzahl der Iterationen
Anzahl Iterationen: 16384
Norm des Fehlers:   1.597469e-10

Matrix:
 0.0000 0.0000 0.0000 0.0000 0.0000 0.0000 0.0000 0.0000 0.0000
 0.0000 0.1465 0.2706 0.3536 0.3827 0.3536 0.2706 0.1465 0.0000
 0.0000 0.2706 0.5001 0.6534 0.7072 0.6534 0.5001 0.2706 0.0000
 0.0000 0.3536 0.6534 0.8537 0.9240 0.8537 0.6534 0.3536 0.0000
 0.0000 0.3827 0.7072 0.9240 1.0002 0.9240 0.7072 0.3827 0.0000
 0.0000 0.3536 0.6534 0.8537 0.9240 0.8537 0.6534 0.3536 0.0000
 0.0000 0.2706 0.5001 0.6534 0.7072 0.6534 0.5001 0.2706 0.0000
 0.0000 0.1465 0.2706 0.3536 0.3827 0.3536 0.2706 0.1465 0.0000
 0.0000 0.0000 0.0000 0.0000 0.0000 0.0000 0.0000 0.0000 0.0000
--------------------------------------------
============================================================
Program for calculation of partial differential equations.  
============================================================
(c) Dr. Thomas Ludwig, TU München.
    Thomas A. Zochler, TU München.
    Andreas C. Schmidt, TU München.
============================================================

Berechnungszeit:    0.194424 s 
Speicherbedarf:     0.025650 MiB
Berechnungsmethode: Jacobi
Interlines:         4
Stoerfunktion:      f(x,y) = 2pi^2*sin(pi*x)sin(pi*y)
Terminierung:       Anzahl der Iterationen
Anzahl Iterationen: 16384
Norm des Fehlers:   0.000000e+00

Matrix:
 0.0000 0.0000 0.0000 0.0000 0.0000 0.0000 0.0000 0.0000 0.0000
 0.0000 0.1465 0.2707 0.3537 0.3829 0.3537 0.2707 0.1465 0.0000
 0.0000 0.2707 0.5003 0.6536 0.7075 0.6536 0.5003 0.2707 0.0000
 0.0000 0.3537 0.6536 0.8540 0.9244 0.8540 0.6536 0.3537 0.0000
 0.0000 0.3829 0.7075 0.9244 1.0005 0.9244 0.7075 0.3829 0.0000
 0.0000 0.3537 0.6536 0.8540 0.9244 0.8540 0.6536 0.3537 0.0000
 0.0000 0.2707 0.5003 0.6536 0.7075 0.6536 0.5003 0.2707 0.0000
 0.0000 0.1465 0.2707 0.3537 0.3829 0.3537 0.2707 0.1465 0.0000
 0.0000 0.0000 0.0000 0.0000 0.0000 0.0000 0.0000 0.0000 0.0000
--------------------------------------------
============================================================
Program for calculation of partial differential equations.  
============================================================
(c) Dr. Thomas Ludwig, TU München.
    Thomas A. Zochler, TU München.
    Andreas C. Schmidt, TU München.
============================================================

Berechnungszeit:    0.139064 s 
Speicherbedarf:     0.009537 MiB
Berechnungsmethode: Jacobi
Interlines:         2
Stoerfunktion:      f(x,y) = 2pi^2*sin(pi*x)sin(pi*y)
Terminierung:       Anzahl der Iterationen
Anzahl Iterationen: 16384
Norm des Fehlers:   0.000000e+00

Matrix:
 0.0000 0.0000 0.0000 0.0000 0.0000 0.0000 0.0000 0.0000 0.0000
 0.0000 0.1467 0.2710 0.3541 0.3832 0.3541 0.2710 0.1467 0.0000
 0.0000 0.2710 0.5007 0.6542 0.7081 0.6542 0.5007 0.2710 0.0000
 0.0000 0.3541 0.6542 0.8548 0.9252 0.8548 0.6542 0.3541 0.0000
 0.0000 0.3832 0.7081 0.9252 1.0014 0.9252 0.7081 0.3832 0.0000
 0.0000 0.3541 0.6542 0.8548 0.9252 0.8548 0.6542 0.3541 0.0000
 0.0000 0.2710 0.5007 0.6542 0.7081 0.6542 0.5007 0.2710 0.0000
 0.0000 0.1467 0.2710 0.3541 0.3832 0.3541 0.2710 0.1467 0.0000
 0.0000 0.0000 0.0000 0.0000 0.0000 0.0000 0.0000 0.0000 0.0000
--------------------------------------------
============================================================
Program for calculation of partial differential equations.  
============================================================
(c) Dr. Thomas Ludwig, TU München.
    Thomas A. Zochler, TU München.
    Andreas C. Schmidt, TU München.
============================================================

Berechnungszeit:    0.139982 s 
Speicherbedarf:     0.004410 MiB
Berechnungsmethode: Jacobi
Interlines:         1
Stoerfunktion:      f(x,y) = 2pi^2*sin(pi*x)sin(pi*y)
Terminierung:       Anzahl der Iterationen
Anzahl Iterationen: 16384
Norm des Fehlers:   0.000000e+00

Matrix:
 0.0000 0.0000 0.0000 0.0000 0.0000 0.0000 0.0000 0.0000 0.0000
 0.0000 0.1469 0.2715 0.3547 0.3839 0.3547 0.2715 0.1469 0.0000
 0.0000 0.2715 0.5016 0.6554 0.7094 0.6554 0.5016 0.2715 0.0000
 0.0000 0.3547 0.6554 0.8563 0.9269 0.8563 0.6554 0.3547 0.0000
 0.0000 0.3839 0.7094 0.9269 1.0032 0.9269 0.7094 0.3839 0.0000
 0.0000 0.3547 0.6554 0.8563 0.9269 0.8563 0.6554 0.3547 0.0000
 0.0000 0.2715 0.5016 0.6554 0.7094 0.6554 0.5016 0.2715 0.0000
 0.0000 0.1469 0.2715 0.3547 0.3839 0.3547 0.2715 0.1469 0.0000
 0.0000 0.0000 0.0000 0.0000 0.0000 0.0000 0.0000 0.0000 0.0000
