============================================================
Program for calculation of partial differential equations.  
============================================================
(c) Dr. Thomas Ludwig, TU München.
    Thomas A. Zochler, TU München.
    Andreas C. Schmidt, TU München.
============================================================

Berechnungszeit:    61.774820 s 
Speicherbedarf:     39.503189 MiB
Berechnungsmethode: Jacobi
Interlines:         200
Stoerfunktion:      f(x,y) = 0
Terminierung:       Hinreichende Genaugkeit
Anzahl Iterationen: 10001
Norm des Fehlers:   3.350280e-05

Matrix:
 1.0000 0.8750 0.7500 0.6250 0.5000 0.3750 0.2500 0.1250 0.0000
 0.8750 0.0078 0.0034 0.0028 0.0022 0.0017 0.0011 0.0011 0.1250
 0.7500 0.0034 0.0000 0.0000 0.0000 0.0000 0.0000 0.0011 0.2500
 0.6250 0.0028 0.0000 0.0000 0.0000 0.0000 0.0000 0.0017 0.3750
 0.5000 0.0022 0.0000 0.0000 0.0000 0.0000 0.0000 0.0022 0.5000
 0.3750 0.0017 0.0000 0.0000 0.0000 0.0000 0.0000 0.0028 0.6250
 0.2500 0.0011 0.0000 0.0000 0.0000 0.0000 0.0000 0.0034 0.7500
 0.1250 0.0011 0.0011 0.0017 0.0022 0.0028 0.0034 0.0078 0.8750
 0.0000 0.1250 0.2500 0.3750 0.5000 0.6250 0.7500 0.8750 1.0000
============================================================
Program for calculation of partial differential equations.  
============================================================
(c) Dr. Thomas Ludwig, TU München.
    Thomas A. Zochler, TU München.
    Andreas C. Schmidt, TU München.
============================================================

Berechnungszeit:    62.352194 s 
Speicherbedarf:     39.503189 MiB
Berechnungsmethode: Jacobi
Interlines:         200
Stoerfunktion:      f(x,y) = 0
Terminierung:       Hinreichende Genaugkeit
Anzahl Iterationen: 10001
Norm des Fehlers:   3.350280e-05

Matrix:
 1.0000 0.8750 0.7500 0.6250 0.5000 0.3750 0.2500 0.1250 0.0000
 0.8750 0.0078 0.0034 0.0028 0.0022 0.0017 0.0011 0.0011 0.1250
 0.7500 0.0034 0.0000 0.0000 0.0000 0.0000 0.0000 0.0011 0.2500
 0.6250 0.0028 0.0000 0.0000 0.0000 0.0000 0.0000 0.0017 0.3750
 0.5000 0.0022 0.0000 0.0000 0.0000 0.0000 0.0000 0.0022 0.5000
 0.3750 0.0017 0.0000 0.0000 0.0000 0.0000 0.0000 0.0028 0.6250
 0.2500 0.0011 0.0000 0.0000 0.0000 0.0000 0.0000 0.0034 0.7500
 0.1250 0.0011 0.0011 0.0017 0.0022 0.0028 0.0034 0.0078 0.8750
 0.0000 0.1250 0.2500 0.3750 0.5000 0.6250 0.7500 0.8750 1.0000
============================================================
Program for calculation of partial differential equations.  
============================================================
(c) Dr. Thomas Ludwig, TU München.
    Thomas A. Zochler, TU München.
    Andreas C. Schmidt, TU München.
============================================================

Berechnungszeit:    61.966191 s 
Speicherbedarf:     39.503189 MiB
Berechnungsmethode: Jacobi
Interlines:         200
Stoerfunktion:      f(x,y) = 0
Terminierung:       Hinreichende Genaugkeit
Anzahl Iterationen: 10001
Norm des Fehlers:   3.350280e-05

Matrix:
 1.0000 0.8750 0.7500 0.6250 0.5000 0.3750 0.2500 0.1250 0.0000
 0.8750 0.0078 0.0034 0.0028 0.0022 0.0017 0.0011 0.0011 0.1250
 0.7500 0.0034 0.0000 0.0000 0.0000 0.0000 0.0000 0.0011 0.2500
 0.6250 0.0028 0.0000 0.0000 0.0000 0.0000 0.0000 0.0017 0.3750
 0.5000 0.0022 0.0000 0.0000 0.0000 0.0000 0.0000 0.0022 0.5000
 0.3750 0.0017 0.0000 0.0000 0.0000 0.0000 0.0000 0.0028 0.6250
 0.2500 0.0011 0.0000 0.0000 0.0000 0.0000 0.0000 0.0034 0.7500
 0.1250 0.0011 0.0011 0.0017 0.0022 0.0028 0.0034 0.0078 0.8750
 0.0000 0.1250 0.2500 0.3750 0.5000 0.6250 0.7500 0.8750 1.0000
