============================================================
Program for calculation of partial differential equations.  
============================================================
(c) Dr. Thomas Ludwig, TU München.
    Thomas A. Zochler, TU München.
    Andreas C. Schmidt, TU München.
============================================================

Berechnungszeit:    676.582271 s 
Speicherbedarf:     19.751595 MiB
Berechnungsmethode: Gauss-Seidel
Interlines:         200
Stoerfunktion:      f(x,y) = 0
Terminierung:       Hinreichende Genaugkeit
Anzahl Iterationen: 9773
Norm des Fehlers:   3.350376e-05

Matrix:
 1.0000 0.8750 0.7500 0.6250 0.5000 0.3750 0.2500 0.1250 0.0000
 0.8750 0.0735 0.0324 0.0270 0.0216 0.0162 0.0108 0.0105 0.1250
 0.7500 0.0324 0.0001 0.0000 0.0000 0.0000 0.0000 0.0102 0.2500
 0.6250 0.0270 0.0000 0.0000 0.0000 0.0000 0.0000 0.0153 0.3750
 0.5000 0.0216 0.0000 0.0000 0.0000 0.0000 0.0000 0.0205 0.5000
 0.3750 0.0162 0.0000 0.0000 0.0000 0.0000 0.0000 0.0256 0.6250
 0.2500 0.0108 0.0000 0.0000 0.0000 0.0000 0.0001 0.0307 0.7500
 0.1250 0.0105 0.0102 0.0153 0.0205 0.0256 0.0307 0.0701 0.8750
 0.0000 0.1250 0.2500 0.3750 0.5000 0.6250 0.7500 0.8750 1.0000
============================================================
Program for calculation of partial differential equations.  
============================================================
(c) Dr. Thomas Ludwig, TU München.
    Thomas A. Zochler, TU München.
    Andreas C. Schmidt, TU München.
============================================================

Berechnungszeit:    665.744163 s 
Speicherbedarf:     19.751595 MiB
Berechnungsmethode: Gauss-Seidel
Interlines:         200
Stoerfunktion:      f(x,y) = 0
Terminierung:       Hinreichende Genaugkeit
Anzahl Iterationen: 9773
Norm des Fehlers:   3.350376e-05

Matrix:
 1.0000 0.8750 0.7500 0.6250 0.5000 0.3750 0.2500 0.1250 0.0000
 0.8750 0.0735 0.0324 0.0270 0.0216 0.0162 0.0108 0.0105 0.1250
 0.7500 0.0324 0.0001 0.0000 0.0000 0.0000 0.0000 0.0102 0.2500
 0.6250 0.0270 0.0000 0.0000 0.0000 0.0000 0.0000 0.0153 0.3750
 0.5000 0.0216 0.0000 0.0000 0.0000 0.0000 0.0000 0.0205 0.5000
 0.3750 0.0162 0.0000 0.0000 0.0000 0.0000 0.0000 0.0256 0.6250
 0.2500 0.0108 0.0000 0.0000 0.0000 0.0000 0.0001 0.0307 0.7500
 0.1250 0.0105 0.0102 0.0153 0.0205 0.0256 0.0307 0.0701 0.8750
 0.0000 0.1250 0.2500 0.3750 0.5000 0.6250 0.7500 0.8750 1.0000
============================================================
Program for calculation of partial differential equations.  
============================================================
(c) Dr. Thomas Ludwig, TU München.
    Thomas A. Zochler, TU München.
    Andreas C. Schmidt, TU München.
============================================================

Berechnungszeit:    656.988713 s 
Speicherbedarf:     19.751595 MiB
Berechnungsmethode: Gauss-Seidel
Interlines:         200
Stoerfunktion:      f(x,y) = 0
Terminierung:       Hinreichende Genaugkeit
Anzahl Iterationen: 9773
Norm des Fehlers:   3.350376e-05

Matrix:
 1.0000 0.8750 0.7500 0.6250 0.5000 0.3750 0.2500 0.1250 0.0000
 0.8750 0.0735 0.0324 0.0270 0.0216 0.0162 0.0108 0.0105 0.1250
 0.7500 0.0324 0.0001 0.0000 0.0000 0.0000 0.0000 0.0102 0.2500
 0.6250 0.0270 0.0000 0.0000 0.0000 0.0000 0.0000 0.0153 0.3750
 0.5000 0.0216 0.0000 0.0000 0.0000 0.0000 0.0000 0.0205 0.5000
 0.3750 0.0162 0.0000 0.0000 0.0000 0.0000 0.0000 0.0256 0.6250
 0.2500 0.0108 0.0000 0.0000 0.0000 0.0000 0.0001 0.0307 0.7500
 0.1250 0.0105 0.0102 0.0153 0.0205 0.0256 0.0307 0.0701 0.8750
 0.0000 0.1250 0.2500 0.3750 0.5000 0.6250 0.7500 0.8750 1.0000
