============================================================
Program for calculation of partial differential equations.  
============================================================
(c) Dr. Thomas Ludwig, TU München.
    Thomas A. Zochler, TU München.
    Andreas C. Schmidt, TU München.
============================================================

Berechnungszeit:    55.309329 s 
Speicherbedarf:     39.503189 MiB
Berechnungsmethode: Jacobi
Interlines:         200
Stoerfunktion:      f(x,y) = 2pi^2*sin(pi*x)sin(pi*y)
Terminierung:       Anzahl der Iterationen
Anzahl Iterationen: 1500
Norm des Fehlers:   7.612288e-06

Matrix:
 0.0000 0.0000 0.0000 0.0000 0.0000 0.0000 0.0000 0.0000 0.0000
 0.0000 0.0017 0.0031 0.0040 0.0044 0.0040 0.0031 0.0017 0.0000
 0.0000 0.0031 0.0057 0.0075 0.0081 0.0075 0.0057 0.0031 0.0000
 0.0000 0.0040 0.0075 0.0098 0.0106 0.0098 0.0075 0.0040 0.0000
 0.0000 0.0044 0.0081 0.0106 0.0114 0.0106 0.0081 0.0044 0.0000
 0.0000 0.0040 0.0075 0.0098 0.0106 0.0098 0.0075 0.0040 0.0000
 0.0000 0.0031 0.0057 0.0075 0.0081 0.0075 0.0057 0.0031 0.0000
 0.0000 0.0017 0.0031 0.0040 0.0044 0.0040 0.0031 0.0017 0.0000
 0.0000 0.0000 0.0000 0.0000 0.0000 0.0000 0.0000 0.0000 0.0000
============================================================
Program for calculation of partial differential equations.  
============================================================
(c) Dr. Thomas Ludwig, TU München.
    Thomas A. Zochler, TU München.
    Andreas C. Schmidt, TU München.
============================================================

Berechnungszeit:    55.226760 s 
Speicherbedarf:     39.503189 MiB
Berechnungsmethode: Jacobi
Interlines:         200
Stoerfunktion:      f(x,y) = 2pi^2*sin(pi*x)sin(pi*y)
Terminierung:       Anzahl der Iterationen
Anzahl Iterationen: 1500
Norm des Fehlers:   7.612288e-06

Matrix:
 0.0000 0.0000 0.0000 0.0000 0.0000 0.0000 0.0000 0.0000 0.0000
 0.0000 0.0017 0.0031 0.0040 0.0044 0.0040 0.0031 0.0017 0.0000
 0.0000 0.0031 0.0057 0.0075 0.0081 0.0075 0.0057 0.0031 0.0000
 0.0000 0.0040 0.0075 0.0098 0.0106 0.0098 0.0075 0.0040 0.0000
 0.0000 0.0044 0.0081 0.0106 0.0114 0.0106 0.0081 0.0044 0.0000
 0.0000 0.0040 0.0075 0.0098 0.0106 0.0098 0.0075 0.0040 0.0000
 0.0000 0.0031 0.0057 0.0075 0.0081 0.0075 0.0057 0.0031 0.0000
 0.0000 0.0017 0.0031 0.0040 0.0044 0.0040 0.0031 0.0017 0.0000
 0.0000 0.0000 0.0000 0.0000 0.0000 0.0000 0.0000 0.0000 0.0000
============================================================
Program for calculation of partial differential equations.  
============================================================
(c) Dr. Thomas Ludwig, TU München.
    Thomas A. Zochler, TU München.
    Andreas C. Schmidt, TU München.
============================================================

Berechnungszeit:    55.237901 s 
Speicherbedarf:     39.503189 MiB
Berechnungsmethode: Jacobi
Interlines:         200
Stoerfunktion:      f(x,y) = 2pi^2*sin(pi*x)sin(pi*y)
Terminierung:       Anzahl der Iterationen
Anzahl Iterationen: 1500
Norm des Fehlers:   7.612288e-06

Matrix:
 0.0000 0.0000 0.0000 0.0000 0.0000 0.0000 0.0000 0.0000 0.0000
 0.0000 0.0017 0.0031 0.0040 0.0044 0.0040 0.0031 0.0017 0.0000
 0.0000 0.0031 0.0057 0.0075 0.0081 0.0075 0.0057 0.0031 0.0000
 0.0000 0.0040 0.0075 0.0098 0.0106 0.0098 0.0075 0.0040 0.0000
 0.0000 0.0044 0.0081 0.0106 0.0114 0.0106 0.0081 0.0044 0.0000
 0.0000 0.0040 0.0075 0.0098 0.0106 0.0098 0.0075 0.0040 0.0000
 0.0000 0.0031 0.0057 0.0075 0.0081 0.0075 0.0057 0.0031 0.0000
 0.0000 0.0017 0.0031 0.0040 0.0044 0.0040 0.0031 0.0017 0.0000
 0.0000 0.0000 0.0000 0.0000 0.0000 0.0000 0.0000 0.0000 0.0000
