============================================================
Program for calculation of partial differential equations.  
============================================================
(c) Dr. Thomas Ludwig, TU München.
    Thomas A. Zochler, TU München.
    Andreas C. Schmidt, TU München.
============================================================

Berechnungszeit:    55.021020 s 
Speicherbedarf:     78.281021 MiB
Berechnungsmethode: Jacobi
Interlines:         282
Stoerfunktion:      f(x,y) = 2pi^2*sin(pi*x)sin(pi*y)
Terminierung:       Anzahl der Iterationen
Anzahl Iterationen: 1500
Norm des Fehlers:   3.845476e-06

Matrix:
 0.0000 0.0000 0.0000 0.0000 0.0000 0.0000 0.0000 0.0000 0.0000
 0.0000 0.0008 0.0016 0.0020 0.0022 0.0020 0.0016 0.0008 0.0000
 0.0000 0.0016 0.0029 0.0038 0.0041 0.0038 0.0029 0.0016 0.0000
 0.0000 0.0020 0.0038 0.0049 0.0053 0.0049 0.0038 0.0020 0.0000
 0.0000 0.0022 0.0041 0.0053 0.0058 0.0053 0.0041 0.0022 0.0000
 0.0000 0.0020 0.0038 0.0049 0.0053 0.0049 0.0038 0.0020 0.0000
 0.0000 0.0016 0.0029 0.0038 0.0041 0.0038 0.0029 0.0016 0.0000
 0.0000 0.0008 0.0016 0.0020 0.0022 0.0020 0.0016 0.0008 0.0000
 0.0000 0.0000 0.0000 0.0000 0.0000 0.0000 0.0000 0.0000 0.0000
============================================================
Program for calculation of partial differential equations.  
============================================================
(c) Dr. Thomas Ludwig, TU München.
    Thomas A. Zochler, TU München.
    Andreas C. Schmidt, TU München.
============================================================

Berechnungszeit:    55.478467 s 
Speicherbedarf:     78.281021 MiB
Berechnungsmethode: Jacobi
Interlines:         282
Stoerfunktion:      f(x,y) = 2pi^2*sin(pi*x)sin(pi*y)
Terminierung:       Anzahl der Iterationen
Anzahl Iterationen: 1500
Norm des Fehlers:   3.845476e-06

Matrix:
 0.0000 0.0000 0.0000 0.0000 0.0000 0.0000 0.0000 0.0000 0.0000
 0.0000 0.0008 0.0016 0.0020 0.0022 0.0020 0.0016 0.0008 0.0000
 0.0000 0.0016 0.0029 0.0038 0.0041 0.0038 0.0029 0.0016 0.0000
 0.0000 0.0020 0.0038 0.0049 0.0053 0.0049 0.0038 0.0020 0.0000
 0.0000 0.0022 0.0041 0.0053 0.0058 0.0053 0.0041 0.0022 0.0000
 0.0000 0.0020 0.0038 0.0049 0.0053 0.0049 0.0038 0.0020 0.0000
 0.0000 0.0016 0.0029 0.0038 0.0041 0.0038 0.0029 0.0016 0.0000
 0.0000 0.0008 0.0016 0.0020 0.0022 0.0020 0.0016 0.0008 0.0000
 0.0000 0.0000 0.0000 0.0000 0.0000 0.0000 0.0000 0.0000 0.0000
============================================================
Program for calculation of partial differential equations.  
============================================================
(c) Dr. Thomas Ludwig, TU München.
    Thomas A. Zochler, TU München.
    Andreas C. Schmidt, TU München.
============================================================

Berechnungszeit:    55.171175 s 
Speicherbedarf:     78.281021 MiB
Berechnungsmethode: Jacobi
Interlines:         282
Stoerfunktion:      f(x,y) = 2pi^2*sin(pi*x)sin(pi*y)
Terminierung:       Anzahl der Iterationen
Anzahl Iterationen: 1500
Norm des Fehlers:   3.845476e-06

Matrix:
 0.0000 0.0000 0.0000 0.0000 0.0000 0.0000 0.0000 0.0000 0.0000
 0.0000 0.0008 0.0016 0.0020 0.0022 0.0020 0.0016 0.0008 0.0000
 0.0000 0.0016 0.0029 0.0038 0.0041 0.0038 0.0029 0.0016 0.0000
 0.0000 0.0020 0.0038 0.0049 0.0053 0.0049 0.0038 0.0020 0.0000
 0.0000 0.0022 0.0041 0.0053 0.0058 0.0053 0.0041 0.0022 0.0000
 0.0000 0.0020 0.0038 0.0049 0.0053 0.0049 0.0038 0.0020 0.0000
 0.0000 0.0016 0.0029 0.0038 0.0041 0.0038 0.0029 0.0016 0.0000
 0.0000 0.0008 0.0016 0.0020 0.0022 0.0020 0.0016 0.0008 0.0000
 0.0000 0.0000 0.0000 0.0000 0.0000 0.0000 0.0000 0.0000 0.0000
