============================================================
Program for calculation of partial differential equations.  
============================================================
(c) Dr. Thomas Ludwig, TU München.
    Thomas A. Zochler, TU München.
    Andreas C. Schmidt, TU München.
============================================================

Berechnungszeit:    56.042933 s 
Speicherbedarf:     235.550552 MiB
Berechnungsmethode: Jacobi
Interlines:         490
Stoerfunktion:      f(x,y) = 2pi^2*sin(pi*x)sin(pi*y)
Terminierung:       Anzahl der Iterationen
Anzahl Iterationen: 1500
Norm des Fehlers:   1.278729e-06

Matrix:
 0.0000 0.0000 0.0000 0.0000 0.0000 0.0000 0.0000 0.0000 0.0000
 0.0000 0.0003 0.0005 0.0007 0.0007 0.0007 0.0005 0.0003 0.0000
 0.0000 0.0005 0.0010 0.0013 0.0014 0.0013 0.0010 0.0005 0.0000
 0.0000 0.0007 0.0013 0.0016 0.0018 0.0016 0.0013 0.0007 0.0000
 0.0000 0.0007 0.0014 0.0018 0.0019 0.0018 0.0014 0.0007 0.0000
 0.0000 0.0007 0.0013 0.0016 0.0018 0.0016 0.0013 0.0007 0.0000
 0.0000 0.0005 0.0010 0.0013 0.0014 0.0013 0.0010 0.0005 0.0000
 0.0000 0.0003 0.0005 0.0007 0.0007 0.0007 0.0005 0.0003 0.0000
 0.0000 0.0000 0.0000 0.0000 0.0000 0.0000 0.0000 0.0000 0.0000
============================================================
Program for calculation of partial differential equations.  
============================================================
(c) Dr. Thomas Ludwig, TU München.
    Thomas A. Zochler, TU München.
    Andreas C. Schmidt, TU München.
============================================================

Berechnungszeit:    56.350850 s 
Speicherbedarf:     235.550552 MiB
Berechnungsmethode: Jacobi
Interlines:         490
Stoerfunktion:      f(x,y) = 2pi^2*sin(pi*x)sin(pi*y)
Terminierung:       Anzahl der Iterationen
Anzahl Iterationen: 1500
Norm des Fehlers:   1.278729e-06

Matrix:
 0.0000 0.0000 0.0000 0.0000 0.0000 0.0000 0.0000 0.0000 0.0000
 0.0000 0.0003 0.0005 0.0007 0.0007 0.0007 0.0005 0.0003 0.0000
 0.0000 0.0005 0.0010 0.0013 0.0014 0.0013 0.0010 0.0005 0.0000
 0.0000 0.0007 0.0013 0.0016 0.0018 0.0016 0.0013 0.0007 0.0000
 0.0000 0.0007 0.0014 0.0018 0.0019 0.0018 0.0014 0.0007 0.0000
 0.0000 0.0007 0.0013 0.0016 0.0018 0.0016 0.0013 0.0007 0.0000
 0.0000 0.0005 0.0010 0.0013 0.0014 0.0013 0.0010 0.0005 0.0000
 0.0000 0.0003 0.0005 0.0007 0.0007 0.0007 0.0005 0.0003 0.0000
 0.0000 0.0000 0.0000 0.0000 0.0000 0.0000 0.0000 0.0000 0.0000
============================================================
Program for calculation of partial differential equations.  
============================================================
(c) Dr. Thomas Ludwig, TU München.
    Thomas A. Zochler, TU München.
    Andreas C. Schmidt, TU München.
============================================================

Berechnungszeit:    56.837210 s 
Speicherbedarf:     235.550552 MiB
Berechnungsmethode: Jacobi
Interlines:         490
Stoerfunktion:      f(x,y) = 2pi^2*sin(pi*x)sin(pi*y)
Terminierung:       Anzahl der Iterationen
Anzahl Iterationen: 1500
Norm des Fehlers:   1.278729e-06

Matrix:
 0.0000 0.0000 0.0000 0.0000 0.0000 0.0000 0.0000 0.0000 0.0000
 0.0000 0.0003 0.0005 0.0007 0.0007 0.0007 0.0005 0.0003 0.0000
 0.0000 0.0005 0.0010 0.0013 0.0014 0.0013 0.0010 0.0005 0.0000
 0.0000 0.0007 0.0013 0.0016 0.0018 0.0016 0.0013 0.0007 0.0000
 0.0000 0.0007 0.0014 0.0018 0.0019 0.0018 0.0014 0.0007 0.0000
 0.0000 0.0007 0.0013 0.0016 0.0018 0.0016 0.0013 0.0007 0.0000
 0.0000 0.0005 0.0010 0.0013 0.0014 0.0013 0.0010 0.0005 0.0000
 0.0000 0.0003 0.0005 0.0007 0.0007 0.0007 0.0005 0.0003 0.0000
 0.0000 0.0000 0.0000 0.0000 0.0000 0.0000 0.0000 0.0000 0.0000
