============================================================
Program for calculation of partial differential equations.  
============================================================
(c) Dr. Thomas Ludwig, TU München.
    Thomas A. Zochler, TU München.
    Andreas C. Schmidt, TU München.
============================================================

Berechnungszeit:    54.095823 s 
Speicherbedarf:     19.726089 MiB
Berechnungsmethode: Jacobi
Interlines:         141
Stoerfunktion:      f(x,y) = 2pi^2*sin(pi*x)sin(pi*y)
Terminierung:       Anzahl der Iterationen
Anzahl Iterationen: 1500
Norm des Fehlers:   1.520840e-05

Matrix:
 0.0000 0.0000 0.0000 0.0000 0.0000 0.0000 0.0000 0.0000 0.0000
 0.0000 0.0034 0.0062 0.0081 0.0088 0.0081 0.0062 0.0034 0.0000
 0.0000 0.0062 0.0114 0.0149 0.0162 0.0149 0.0114 0.0062 0.0000
 0.0000 0.0081 0.0149 0.0195 0.0211 0.0195 0.0149 0.0081 0.0000
 0.0000 0.0088 0.0162 0.0211 0.0229 0.0211 0.0162 0.0088 0.0000
 0.0000 0.0081 0.0149 0.0195 0.0211 0.0195 0.0149 0.0081 0.0000
 0.0000 0.0062 0.0114 0.0149 0.0162 0.0149 0.0114 0.0062 0.0000
 0.0000 0.0034 0.0062 0.0081 0.0088 0.0081 0.0062 0.0034 0.0000
 0.0000 0.0000 0.0000 0.0000 0.0000 0.0000 0.0000 0.0000 0.0000
============================================================
Program for calculation of partial differential equations.  
============================================================
(c) Dr. Thomas Ludwig, TU München.
    Thomas A. Zochler, TU München.
    Andreas C. Schmidt, TU München.
============================================================

Berechnungszeit:    54.121183 s 
Speicherbedarf:     19.726089 MiB
Berechnungsmethode: Jacobi
Interlines:         141
Stoerfunktion:      f(x,y) = 2pi^2*sin(pi*x)sin(pi*y)
Terminierung:       Anzahl der Iterationen
Anzahl Iterationen: 1500
Norm des Fehlers:   1.520840e-05

Matrix:
 0.0000 0.0000 0.0000 0.0000 0.0000 0.0000 0.0000 0.0000 0.0000
 0.0000 0.0034 0.0062 0.0081 0.0088 0.0081 0.0062 0.0034 0.0000
 0.0000 0.0062 0.0114 0.0149 0.0162 0.0149 0.0114 0.0062 0.0000
 0.0000 0.0081 0.0149 0.0195 0.0211 0.0195 0.0149 0.0081 0.0000
 0.0000 0.0088 0.0162 0.0211 0.0229 0.0211 0.0162 0.0088 0.0000
 0.0000 0.0081 0.0149 0.0195 0.0211 0.0195 0.0149 0.0081 0.0000
 0.0000 0.0062 0.0114 0.0149 0.0162 0.0149 0.0114 0.0062 0.0000
 0.0000 0.0034 0.0062 0.0081 0.0088 0.0081 0.0062 0.0034 0.0000
 0.0000 0.0000 0.0000 0.0000 0.0000 0.0000 0.0000 0.0000 0.0000
============================================================
Program for calculation of partial differential equations.  
============================================================
(c) Dr. Thomas Ludwig, TU München.
    Thomas A. Zochler, TU München.
    Andreas C. Schmidt, TU München.
============================================================

Berechnungszeit:    54.571107 s 
Speicherbedarf:     19.726089 MiB
Berechnungsmethode: Jacobi
Interlines:         141
Stoerfunktion:      f(x,y) = 2pi^2*sin(pi*x)sin(pi*y)
Terminierung:       Anzahl der Iterationen
Anzahl Iterationen: 1500
Norm des Fehlers:   1.520840e-05

Matrix:
 0.0000 0.0000 0.0000 0.0000 0.0000 0.0000 0.0000 0.0000 0.0000
 0.0000 0.0034 0.0062 0.0081 0.0088 0.0081 0.0062 0.0034 0.0000
 0.0000 0.0062 0.0114 0.0149 0.0162 0.0149 0.0114 0.0062 0.0000
 0.0000 0.0081 0.0149 0.0195 0.0211 0.0195 0.0149 0.0081 0.0000
 0.0000 0.0088 0.0162 0.0211 0.0229 0.0211 0.0162 0.0088 0.0000
 0.0000 0.0081 0.0149 0.0195 0.0211 0.0195 0.0149 0.0081 0.0000
 0.0000 0.0062 0.0114 0.0149 0.0162 0.0149 0.0114 0.0062 0.0000
 0.0000 0.0034 0.0062 0.0081 0.0088 0.0081 0.0062 0.0034 0.0000
 0.0000 0.0000 0.0000 0.0000 0.0000 0.0000 0.0000 0.0000 0.0000
